name: larch-drich
channels:
  - conda-forge/label/main
  - conda-forge
  - bioconda
  - defaults
dependencies:
  - _libgcc_mutex=0.1=conda_forge
  - _openmp_mutex=4.5=2_gnu
  - _sysroot_linux-64_curr_repodata_hack=3=h69a702a_14
  - autoconf=2.71=pl5321h2b4cb7a_1
  - automake=1.16.5=pl5321ha770c72_0
  - binutils=2.40=hdd6e379_0
  - binutils_impl_linux-64=2.40=hf600244_0
  - binutils_linux-64=2.40=hdade7a5_3
  - boost-cpp=1.84.0=h44aadfe_2
  - bzip2=1.0.8=hd590300_5
  - c-ares=1.28.1=hd590300_0
  - c-compiler=1.7.0=hd590300_0
  - ca-certificates=2024.2.2=hbcca054_0
  - cmake=3.29.0=hcfe8598_0
  - cxx-compiler=1.7.0=h00ab1b0_0
  - gcc=12.3.0=h95e488c_3
  - gcc_impl_linux-64=12.3.0=he2b93b0_5
  - gcc_linux-64=12.3.0=h6477408_3
  - gxx=12.3.0=h95e488c_3
  - gxx_impl_linux-64=12.3.0=he2b93b0_5
  - gxx_linux-64=12.3.0=h4a1b8e8_3
  - icu=73.2=h59595ed_0
  - kernel-headers_linux-64=4.18.0=he073ed8_2
  - keyutils=1.6.1=h166bdaf_0
  - krb5=1.21.2=h659d440_0
  - ld_impl_linux-64=2.40=h41732ed_0
  - libboost=1.84.0=h8013b2b_2
  - libboost-devel=1.84.0=h00ab1b0_2
  - libboost-headers=1.84.0=ha770c72_2
  - libcurl=8.7.1=hca28451_0
  - libedit=3.1.20191231=he28a2e2_2
  - libev=4.33=hd590300_2
  - libevent=2.1.12=hf998b51_1
  - libexpat=2.6.2=h59595ed_0
  - libgcc-devel_linux-64=12.3.0=h8bca6fd_105
  - libgcc-ng=13.2.0=h807b86a_5
  - libgfortran-ng=13.2.0=h69a702a_5
  - libgfortran5=13.2.0=ha4646dd_5
  - libgomp=13.2.0=h807b86a_5
  - libhwloc=2.9.3=default_h554bfaf_1009
  - libiconv=1.17=hd590300_2
  - libnghttp2=1.58.0=h47da74e_1
  - libnl=3.9.0=hd590300_0
  - libsanitizer=12.3.0=h0f45ef3_5
  - libssh2=1.11.0=h0841786_0
  - libstdcxx-devel_linux-64=12.3.0=h8bca6fd_105
  - libstdcxx-ng=13.2.0=h7e041cc_5
  - libtool=2.4.7=h27087fc_0
  - libuv=1.48.0=hd590300_0
  - libxcrypt=4.4.36=hd590300_1
  - libxml2=2.12.6=h232c23b_1
  - libzlib=1.2.13=hd590300_5
  - m4=1.4.18=h516909a_1001
  - make=4.3=hd18ef5c_1
  - mpi=1.0=openmpi
  - ncurses=6.4.20240210=h59595ed_0
  - openmpi=5.0.1=hb0ee255_100
  - openmpi-mpicc=5.0.1=hd590300_100
  - openmpi-mpicxx=5.0.1=h00ab1b0_100
  - openssl=3.2.1=hd590300_1
  - perl=5.32.1=7_hd590300_perl5
  - rdma-core=51.0=hd3aeb46_0
  - rhash=1.4.4=hd590300_0
  - sysroot_linux-64=2.28=he073ed8_2
  - ucx=1.15.0=ha691c75_8
  - xz=5.2.6=h166bdaf_0
  - yasm=1.3.0=h7f98852_1003
  - zlib=1.2.13=hd590300_5
  - zstd=1.5.5=hfc55251_0
